  0   0   0   0   0  17  17  17  17  17  17   0   0   0   0   0
  0   0   0  19  17  17  17  17  17  17  17  17  17   0   0   0
  0   0  17  17  17  17  17  17  17  17  17  17  17  17   0   0
  0  17  17  17  17  17  17  17  17  17  17  17  17  17  17   0
  0  17  17  17  17  17  17  17  17  17  17  17  17  17  17   0
 17  17  17  17  17  17  17  17  17  17  17  17  17  17  17  20
 17  17  17  17  17  17  17  17  17  17  17  17  17  17  17  17
 17  17  17  63  17  17  17  17  17  17 181  17 250  17  17  17
 17  17  17  18  17 124 249  17  17  17  20  17  35  17  17  17
 17  17  17  17  17  17  17  17  17  17  17  17  17  17  17  17
 17  17  17  17  17  17  17  17  17  17  17  17  17  17  17  20
  0  17  17  17  17  17  17  17  17  17  17  17  17  17  17   0
  0  17  17  17  17  17  17  17  17  17  17  17  17  17  17   0
  0   0  17  17  17  17  17  17  17  17  17  17  17  17   0   0
  0   0   0  18  17  17  17  17  17  17  17  17  17   0   0   0
  0   0   0   0   0  17  17  17  17  17  17   0   0   0   0   0
  0   0   0   0   0  17  17  17  17  17  17   0   0   0   0   0
  0   0   0  19  17  17  17  17  17  17  17  17  17   0   0   0
  0   0  17  17  17  17  17  17  17  17  17  17  17  17   0   0
  0  17  17  17  17  17  17  17  17  17  17  17  17  17  17   0
  0  17  17  17  17  17  17  17  17  17  17  17  17  17  17   0
 17  17  17  17  17  17  17  17  17  17  17  17  17  17  17  20
 17  17  17  17  17  17  17  17  17  17  17  17  17  17  17  17
 17  17  17  63  17  17  17  17  17  17 181  17 250  17  17  17
 17  17  17  18  17 124 249  17  17  17  20  17  35  17  17  17
 17  17  17  17  17  17  17  17  17  17  17  17  17  17  17  17
 17  17  17  17  17  17  17  17  17  17  17  17  17  17  17  20
  0  17  17  17  17  17  17  17  17  17  17  17  17  17  17   0
  0  17  17  17  17  17  17  17  17  17  17  17  17  17  17   0
  0   0  17  17  17  17  17  17  17  17  17  17  17  17   0   0
  0   0   0  18  17  17  17  17  17  17  17  17  17   0   0   0
  0   0   0   0   0  17  17  17  17  17  17   0   0   0   0   0
  0   0   0   0   0  17  17  17  17  17  17   0   0   0   0   0
  0   0   0  19  17  17  17  17  17  17  17  17  17   0   0   0
  0   0  17  17  17  17  17  17  17  17  17  17  17  17   0   0
  0  17  17  17  17  17  17  17  17  17  17  17  17  17  17   0
  0  17  17  17  17  17  17  17  17  17  17  17  17  17  17   0
 17  17  17  17  17  17  17  17  17  17  17  17  17  17  17  20
 17  17  17  17  17  17  17  17  17  17  17  17  17  17  17  17
 17  17  17  62  17  17  17  17  17  17 181  17 250  17  17  17
 17  17  17  18  17 124 249  17  17  17  20  17  35  17  17  17
 17  17  17  17  17  17  17  17  17  17  17  17  17  17  17  17
 17  17  17  17  17  17  17  17  17  17  17  17  17  17  17  20
  0  17  17  17  17  17  17  17  17  17  17  17  17  17  17   0
  0  17  17  17  17  17  17  17  17  17  17  17  17  17  17   0
  0   0  17  17  17  17  17  17  17  17  17  17  17  17   0   0
  0   0   0  18  17  17  17  17  17  17  17  17  17   0   0   0
  0   0   0   0   0  17  17  17  17  17  17   0   0   0   0   0

  0   0   0   0   0  20  17  17  17  17  21   0   0   0   0   0
  0   0   0  17  17  17  17  17  17  17  17  17  17   0   0   0
  0   0  17  17  17  17  17  17  17  17  17  17  17  17   0   0
  0  17  17  17  17  17  17 251  35  17  17  17  17  17  17   0
  0  17  17  17  17  17  17  17  17  17  17  17  17  17  17   0
 17  17  17  17  17  17  17 186  21  17  17  17  17  17  17  17
 17  17  17  17  17  17  17  17  18  17  17  17  17  17  17  17
 17  17  17  17  17  17  17  18  17  17  17  17  17  17  17  17
 17  17  17  17  17  17  17  17  17  17  17  17  17  17  17  17
 17  17  17  17  17  17  17  17 249  17  17  17  17  17  17  17
 17  17  17  17  17  17  17  17 118  17  17  17  17  17  17  17
  0  17  17  17  17  17  17  17  17  17  17  17  17  17  17   0
  0  20  17  17  17  17  17  68  19  17  17  17  17  17  18   0
  0   0  17  17  17  17  17  17  17  17  17  17  17  17   0   0
  0   0   0  17  17  17  17  17  17  17  17  17  17   0   0   0
  0   0   0   0   0  17  17  17  17  17  17   0   0   0   0   0
  0   0   0   0   0  20  17  17  17  17  21   0   0   0   0   0
  0   0   0  17  17  17  17  17  17  17  17  17  17   0   0   0
  0   0  17  17  17  17  17  17  17  17  17  17  17  17   0   0
  0  17  17  17  17  17  17 251  35  17  17  17  17  17  17   0
  0  17  17  17  17  17  17  17  17  17  17  17  17  17  17   0
 17  17  17  17  17  17  17 186  21  17  17  17  17  17  17  17
 17  17  17  17  17  17  17  17  18  17  17  17  17  17  17  17
 17  17  17  17  17  17  17  18  17  17  17  17  17  17  17  17
 17  17  17  17  17  17  17  17  17  17  17  17  17  17  17  17
 17  17  17  17  17  17  17  17 249  17  17  17  17  17  17  17
 17  17  17  17  17  17  17  17 118  17  17  17  17  17  17  17
  0  17  17  17  17  17  17  17  17  17  17  17  17  17  17   0
  0  20  17  17  17  17  17  68  19  17  17  17  17  17  18   0
  0   0  17  17  17  17  17  17  17  17  17  17  17  17   0   0
  0   0   0  17  17  17  17  17  17  17  17  17  17   0   0   0
  0   0   0   0   0  17  17  17  17  17  17   0   0   0   0   0
  0   0   0   0   0  20  17  17  17  17  21   0   0   0   0   0
  0   0   0  17  17  17  17  17  17  17  17  17  17   0   0   0
  0   0  17  17  17  17  17  17  17  17  17  17  17  17   0   0
  0  17  17  17  17  17  17 250  35  17  17  17  17  17  17   0
  0  17  17  17  17  17  17  17  17  17  17  17  17  17  17   0
 17  17  17  17  17  17  17 186  21  17  17  17  17  17  17  17
 17  17  17  17  17  17  17  17  18  17  17  17  17  17  17  17
 17  17  17  17  17  17  17  18  17  17  17  17  17  17  17  17
 17  17  17  17  17  17  17  17  17  17  17  17  17  17  17  17
 17  17  17  17  17  17  17  17 249  17  17  17  17  17  17  17
 17  17  17  17  17  17  17  17 118  17  17  17  17  17  17  17
  0  17  17  17  17  17  17  17  17  17  17  17  17  17  17   0
  0  20  17  17  17  17  17  68  19  17  17  17  17  17  18   0
  0   0  17  17  17  17  17  17  17  17  17  17  17  17   0   0
  0   0   0  17  17  17  17  17  17  17  17  17  17   0   0   0
  0   0   0   0   0  17  17  17  17  17  17   0   0   0   0   0

  0   0   0   0   0  17  17  17  17  17  17   0   0   0   0   0
  0   0   0  17  17  17  17  17  17  17  17  17  18   0   0   0
  0   0  17  17  17  17  17  17  17  17  17  17  17  17   0   0
  0  17  17  17  17  17  17  17  17  17  17  17  17  17  17   0
  0  17  17  17  17  17  17  17  17  17  17  17  17  17  17   0
 21  17  17  17  17  17  17  17  17  17  17  17  17  17  17  17
 17  17  17  17  17  17  17  17  17  17  17  17  17  17  17  17
 17  17  17  35  17  21  18  17  17 249 118  17  19  17  17  17
 17  17  17 251  17 186  17  18  17  17  17  17  68  17  17  17
 17  17  17  17  17  17  17  17  17  17  17  17  17  17  17  17
 20  17  17  17  17  17  17  17  17  17  17  17  17  17  17  17
  0  17  17  17  17  17  17  17  17  17  17  17  17  17  17   0
  0  17  17  17  17  17  17  17  17  17  17  17  17  17  17   0
  0   0  17  17  17  17  17  17  17  17  17  17  17  17   0   0
  0   0   0  17  17  17  17  17  17  17  17  17  20   0   0   0
  0   0   0   0   0  17  17  17  17  17  17   0   0   0   0   0
  0   0   0   0   0  17  17  17  17  17  17   0   0   0   0   0
  0   0   0  17  17  17  17  17  17  17  17  17  18   0   0   0
  0   0  17  17  17  17  17  17  17  17  17  17  17  17   0   0
  0  17  17  17  17  17  17  17  17  17  17  17  17  17  17   0
  0  17  17  17  17  17  17  17  17  17  17  17  17  17  17   0
 21  17  17  17  17  17  17  17  17  17  17  17  17  17  17  17
 17  17  17  17  17  17  17  17  17  17  17  17  17  17  17  17
 17  17  17  35  17  21  18  17  17 249 118  17  19  17  17  17
 17  17  17 251  17 186  17  18  17  17  17  17  68  17  17  17
 17  17  17  17  17  17  17  17  17  17  17  17  17  17  17  17
 20  17  17  17  17  17  17  17  17  17  17  17  17  17  17  17
  0  17  17  17  17  17  17  17  17  17  17  17  17  17  17   0
  0  17  17  17  17  17  17  17  17  17  17  17  17  17  17   0
  0   0  17  17  17  17  17  17  17  17  17  17  17  17   0   0
  0   0   0  17  17  17  17  17  17  17  17  17  20   0   0   0
  0   0   0   0   0  17  17  17  17  17  17   0   0   0   0   0
  0   0   0   0   0  17  17  17  17  17  17   0   0   0   0   0
  0   0   0  17  17  17  17  17  17  17  17  17  18   0   0   0
  0   0  17  17  17  17  17  17  17  17  17  17  17  17   0   0
  0  17  17  17  17  17  17  17  17  17  17  17  17  17  17   0
  0  17  17  17  17  17  17  17  17  17  17  17  17  17  17   0
 21  17  17  17  17  17  17  17  17  17  17  17  17  17  17  17
 17  17  17  17  17  17  17  17  17  17  17  17  17  17  17  17
 17  17  17  35  17  21  18  17  17 249 118  17  19  17  17  17
 17  17  17 250  17 186  17  18  17  17  17  17  68  17  17  17
 17  17  17  17  17  17  17  17  17  17  17  17  17  17  17  17
 20  17  17  17  17  17  17  17  17  17  17  17  17  17  17  17
  0  17  17  17  17  17  17  17  17  17  17  17  17  17  17   0
  0  17  17  17  17  17  17  17  17  17  17  17  17  17  17   0
  0   0  17  17  17  17  17  17  17  17  17  17  17  17   0   0
  0   0   0  17  17  17  17  17  17  17  17  17  20   0   0   0
  0   0   0   0   0  17  17  17  17  17  17   0   0   0   0   0

  0   0   0   0   0  17  17  17  17  17  17   0   0   0   0   0
  0   0   0  17  17  17  17  17  17  17  17  17  17   0   0   0
  0   0  17  17  17  17  17  17  17  17  17  17  17  17   0   0
  0  18  17  17  17  17  17  19  68  17  17  17  17  17  20   0
  0  17  17  17  17  17  17  17  17  17  17  17  17  17  17   0
 17  17  17  17  17  17  17 118  17  17  17  17  17  17  17  17
 17  17  17  17  17  17  17 249  17  17  17  17  17  17  17  17
 17  17  17  17  17  17  17  17  17  17  17  17  17  17  17  17
 17  17  17  17  17  17  17  17  18  17  17  17  17  17  17  17
 17  17  17  17  17  17  17  18  17  17  17  17  17  17  17  17
 17  17  17  17  17  17  17  21 186  17  17  17  17  17  17  17
  0  17  17  17  17  17  17  17  17  17  17  17  17  17  17   0
  0  17  17  17  17  17  17  35 251  17  17  17  17  17  17   0
  0   0  17  17  17  17  17  17  17  17  17  17  17  17   0   0
  0   0   0  17  17  17  17  17  17  17  17  17  17   0   0   0
  0   0   0   0   0  21  17  17  17  17  20   0   0   0   0   0
  0   0   0   0   0  17  17  17  17  17  17   0   0   0   0   0
  0   0   0  17  17  17  17  17  17  17  17  17  17   0   0   0
  0   0  17  17  17  17  17  17  17  17  17  17  17  17   0   0
  0  18  17  17  17  17  17  19  68  17  17  17  17  17  20   0
  0  17  17  17  17  17  17  17  17  17  17  17  17  17  17   0
 17  17  17  17  17  17  17 118  17  17  17  17  17  17  17  17
 17  17  17  17  17  17  17 249  17  17  17  17  17  17  17  17
 17  17  17  17  17  17  17  17  17  17  17  17  17  17  17  17
 17  17  17  17  17  17  17  17  18  17  17  17  17  17  17  17
 17  17  17  17  17  17  17  18  17  17  17  17  17  17  17  17
 17  17  17  17  17  17  17  21 186  17  17  17  17  17  17  17
  0  17  17  17  17  17  17  17  17  17  17  17  17  17  17   0
  0  17  17  17  17  17  17  35 251  17  17  17  17  17  17   0
  0   0  17  17  17  17  17  17  17  17  17  17  17  17   0   0
  0   0   0  17  17  17  17  17  17  17  17  17  17   0   0   0
  0   0   0   0   0  21  17  17  17  17  20   0   0   0   0   0
  0   0   0   0   0  17  17  17  17  17  17   0   0   0   0   0
  0   0   0  17  17  17  17  17  17  17  17  17  17   0   0   0
  0   0  17  17  17  17  17  17  17  17  17  17  17  17   0   0
  0  18  17  17  17  17  17  19  68  17  17  17  17  17  20   0
  0  17  17  17  17  17  17  17  17  17  17  17  17  17  17   0
 17  17  17  17  17  17  17 118  17  17  17  17  17  17  17  17
 17  17  17  17  17  17  17 249  17  17  17  17  17  17  17  17
 17  17  17  17  17  17  17  17  17  17  17  17  17  17  17  17
 17  17  17  17  17  17  17  17  18  17  17  17  17  17  17  17
 17  17  17  17  17  17  17  18  17  17  17  17  17  17  17  17
 17  17  17  17  17  17  17  21 186  17  17  17  17  17  17  17
  0  17  17  17  17  17  17  17  17  17  17  17  17  17  17   0
  0  17  17  17  17  17  17  35 250  17  17  17  17  17  17   0
  0   0  17  17  17  17  17  17  17  17  17  17  17  17   0   0
  0   0   0  17  17  17  17  17  17  17  17  17  17   0   0   0
  0   0   0   0   0  21  17  17  17  17  20   0   0   0   0   0
