  0   0   0   0   0  17  17  17  17  17  17   0   0   0   0   0
  0   0   0  19  17  17  17  17  17  17  17  17  17   0   0   0
  0   0  17  17  17  17  17  17  17  17  17  17  17  17   0   0
  0  17  17  17  17  17  17  17  17  17  17  17  17  17  17   0
  0  17  17  17  17  17  17  17  17  17  17  17  17  17  17   0
 17  17  17  17 255  17  17  17  17  17  17  17  17  17  17  19
 17  17  17  17  17  17  18  17  17 250  17 253  17  17  17  17
 17  17  17  17  17  17  17  17  17  17  17  17  17  17  17  17
 17  17  17  17  17  17  18 160  17 253  17  17  17  17  17  17
 17  17  17  17  17  17  38  19 252 252  17  17  17  17  17  17
 17  17  17  17  17  17  17  17  17  17  17  17  17  17  17  17
  0  17  17  17  17  17  17  17  17  17  17  17  17  17  17   0
  0  20  17  17  17  17  17  17  17  17  17  17  17  17  17   0
  0   0  17  17  17  17  17  17  17  17  17  17  17  17   0   0
  0   0   0  17  17  17  17  17  17  17  17  17  17   0   0   0
  0   0   0   0   0  28  17  17  17  17  18   0   0   0   0   0
  0   0   0   0   0  17  17  17  17  17  17   0   0   0   0   0
  0   0   0  19  17  17  17  17  17  17  17  17  17   0   0   0
  0   0  17  17  17  17  17  17  17  17  17  17  17  17   0   0
  0  17  17  17  17  17  17  17  17  17  17  17  17  17  17   0
  0  17  17  17  17  17  17  17  17  17  17  17  17  17  17   0
 17  17  17  17 255  17  17  17  17  17  17  17  17  17  17  19
 17  17  17  17  17  17  18  17  17 250  17 253  17  17  17  17
 17  17  17  17  17  17  17  17  17  17  17  17  17  17  17  17
 17  17  17  17  17  17  18 161  17 253  17  17  17  17  17  17
 17  17  17  17  17  17  38  19 252 252  17  17  17  17  17  17
 17  17  17  17  17  17  17  17  17  17  17  17  17  17  17  17
  0  17  17  17  17  17  17  17  17  17  17  17  17  17  17   0
  0  20  17  17  17  17  17  17  17  17  17  17  17  17  17   0
  0   0  17  17  17  17  17  17  17  17  17  17  17  17   0   0
  0   0   0  17  17  17  17  17  17  17  17  17  17   0   0   0
  0   0   0   0   0  28  17  17  17  17  18   0   0   0   0   0
  0   0   0   0   0  17  17  17  17  17  17   0   0   0   0   0
  0   0   0  19  17  17  17  17  17  17  17  17  17   0   0   0
  0   0  17  17  17  17  17  17  17  17  17  17  17  17   0   0
  0  17  17  17  17  17  17  17  17  17  17  17  17  17  17   0
  0  17  17  17  17  17  17  17  17  17  17  17  17  17  17   0
 17  17  17  17 255  17  17  17  17  17  17  17  17  17  17  19
 17  17  17  17  17  17  18  17  17 249  17 253  17  17  17  17
 17  17  17  17  17  17  17  17  17  17  17  17  17  17  17  17
 17  17  17  17  17  17  18 159  17 253  17  17  17  17  17  17
 17  17  17  17  17  17  38  19 252 252  17  17  17  17  17  17
 17  17  17  17  17  17  17  17  17  17  17  17  17  17  17  17
  0  17  17  17  17  17  17  17  17  17  17  17  17  17  17   0
  0  20  17  17  17  17  17  17  17  17  17  17  17  17  17   0
  0   0  17  17  17  17  17  17  17  17  17  17  17  17   0   0
  0   0   0  17  17  17  17  17  17  17  17  17  17   0   0   0
  0   0   0   0   0  28  17  17  17  17  18   0   0   0   0   0

  0   0   0   0   0  20  17  17  17  17  17   0   0   0   0   0
  0   0   0  17  17  17  17  17  17  17  17  17  17   0   0   0
  0   0  17  17  17  17  17  17  17  17  17  17  17  17   0   0
  0  17  17  17  17  17  17  17  17  17  17  17  17  17  17   0
  0  17  17  17  17  17 253  17  17  17  17  17  17  17  17   0
 17  17  17  17  17  17  17  17  17  17  17  17  17  17  17  19
 17  17  17  17  17  17 250  17 254 253  17  17  17  17  17  17
 17  17  17  17  17  17  17  17  17 253  17  17  17  17  17  17
 17  17  17  17  17  17  17  17 167  20  17  17  17  17  17  17
 17  17  17  17  17  17  18  17  18  41  17  17  17  17  17  17
 17  17  17  17  17  17  17  17  17  17  17  17  17  17  17  29
  0  17  17  17  17 255  17  17  17  17  17  17  17  17  17   0
  0  19  17  17  17  17  17  17  17  17  17  17  17  17  17   0
  0   0  17  17  17  17  17  17  17  17  17  17  17  17   0   0
  0   0   0  17  17  17  17  17  17  17  17  17  20   0   0   0
  0   0   0   0   0  17  17  17  17  17  17   0   0   0   0   0
  0   0   0   0   0  20  17  17  17  17  17   0   0   0   0   0
  0   0   0  17  17  17  17  17  17  17  17  17  17   0   0   0
  0   0  17  17  17  17  17  17  17  17  17  17  17  17   0   0
  0  17  17  17  17  17  17  17  17  17  17  17  17  17  17   0
  0  17  17  17  17  17 253  17  17  17  17  17  17  17  17   0
 17  17  17  17  17  17  17  17  17  17  17  17  17  17  17  19
 17  17  17  17  17  17 250  17 254 253  17  17  17  17  17  17
 17  17  17  17  17  17  17  17  17 253  17  17  17  17  17  17
 17  17  17  17  17  17  17  17 168  20  17  17  17  17  17  17
 17  17  17  17  17  17  18  17  18  41  17  17  17  17  17  17
 17  17  17  17  17  17  17  17  17  17  17  17  17  17  17  29
  0  17  17  17  17 255  17  17  17  17  17  17  17  17  17   0
  0  19  17  17  17  17  17  17  17  17  17  17  17  17  17   0
  0   0  17  17  17  17  17  17  17  17  17  17  17  17   0   0
  0   0   0  17  17  17  17  17  17  17  17  17  20   0   0   0
  0   0   0   0   0  17  17  17  17  17  17   0   0   0   0   0
  0   0   0   0   0  20  17  17  17  17  17   0   0   0   0   0
  0   0   0  17  17  17  17  17  17  17  17  17  17   0   0   0
  0   0  17  17  17  17  17  17  17  17  17  17  17  17   0   0
  0  17  17  17  17  17  17  17  17  17  17  17  17  17  17   0
  0  17  17  17  17  17 253  17  17  17  17  17  17  17  17   0
 17  17  17  17  17  17  17  17  17  17  17  17  17  17  17  19
 17  17  17  17  17  17 250  17 254 253  17  17  17  17  17  17
 17  17  17  17  17  17  17  17  17 252  17  17  17  17  17  17
 17  17  17  17  17  17  17  17 166  20  17  17  17  17  17  17
 17  17  17  17  17  17  18  17  18  41  17  17  17  17  17  17
 17  17  17  17  17  17  17  17  17  17  17  17  17  17  17  29
  0  17  17  17  17 255  17  17  17  17  17  17  17  17  17   0
  0  19  17  17  17  17  17  17  17  17  17  17  17  17  17   0
  0   0  17  17  17  17  17  17  17  17  17  17  17  17   0   0
  0   0   0  17  17  17  17  17  17  17  17  17  20   0   0   0
  0   0   0   0   0  17  17  17  17  17  17   0   0   0   0   0

  0   0   0   0   0  19  17  17  17  17  29   0   0   0   0   0
  0   0   0  17  17  17  17  17  17  17  17  17  17   0   0   0
  0   0  17  17  17  17  17  17  17  17  17  17  17  17   0   0
  0  17  17  17  17  17  17  17  17  17  17  17  17  17  20   0
  0  17  17  17  17  17  17  17  17  17  17  17  17  17  17   0
 17  17  17  17  17  17  17  17  17  17  17  17  17  17  17  17
 17  17  17  17  17  17 253 253  20  41  17  17  17  17  17  17
 17  17  17  17  17  17 254  17 167  18  17  17  17  17  17  17
 17  17  17  17  17  17  17  17  17  17  17  17  17  17  17  17
 17  17  17  17 253  17 250  17  17  18  17  17  17  17  17  17
 20  17  17  17  17  17  17  17  17  17  17 255  17  17  17  17
  0  17  17  17  17  17  17  17  17  17  17  17  17  17  17   0
  0  17  17  17  17  17  17  17  17  17  17  17  17  17  17   0
  0   0  17  17  17  17  17  17  17  17  17  17  17  17   0   0
  0   0   0  17  17  17  17  17  17  17  17  17  19   0   0   0
  0   0   0   0   0  17  17  17  17  17  17   0   0   0   0   0
  0   0   0   0   0  19  17  17  17  17  29   0   0   0   0   0
  0   0   0  17  17  17  17  17  17  17  17  17  17   0   0   0
  0   0  17  17  17  17  17  17  17  17  17  17  17  17   0   0
  0  17  17  17  17  17  17  17  17  17  17  17  17  17  20   0
  0  17  17  17  17  17  17  17  17  17  17  17  17  17  17   0
 17  17  17  17  17  17  17  17  17  17  17  17  17  17  17  17
 17  17  17  17  17  17 253 253  20  41  17  17  17  17  17  17
 17  17  17  17  17  17 254  17 168  18  17  17  17  17  17  17
 17  17  17  17  17  17  17  17  17  17  17  17  17  17  17  17
 17  17  17  17 253  17 250  17  17  18  17  17  17  17  17  17
 20  17  17  17  17  17  17  17  17  17  17 255  17  17  17  17
  0  17  17  17  17  17  17  17  17  17  17  17  17  17  17   0
  0  17  17  17  17  17  17  17  17  17  17  17  17  17  17   0
  0   0  17  17  17  17  17  17  17  17  17  17  17  17   0   0
  0   0   0  17  17  17  17  17  17  17  17  17  19   0   0   0
  0   0   0   0   0  17  17  17  17  17  17   0   0   0   0   0
  0   0   0   0   0  19  17  17  17  17  29   0   0   0   0   0
  0   0   0  17  17  17  17  17  17  17  17  17  17   0   0   0
  0   0  17  17  17  17  17  17  17  17  17  17  17  17   0   0
  0  17  17  17  17  17  17  17  17  17  17  17  17  17  20   0
  0  17  17  17  17  17  17  17  17  17  17  17  17  17  17   0
 17  17  17  17  17  17  17  17  17  17  17  17  17  17  17  17
 17  17  17  17  17  17 253 252  20  41  17  17  17  17  17  17
 17  17  17  17  17  17 254  17 166  18  17  17  17  17  17  17
 17  17  17  17  17  17  17  17  17  17  17  17  17  17  17  17
 17  17  17  17 253  17 250  17  17  18  17  17  17  17  17  17
 20  17  17  17  17  17  17  17  17  17  17 255  17  17  17  17
  0  17  17  17  17  17  17  17  17  17  17  17  17  17  17   0
  0  17  17  17  17  17  17  17  17  17  17  17  17  17  17   0
  0   0  17  17  17  17  17  17  17  17  17  17  17  17   0   0
  0   0   0  17  17  17  17  17  17  17  17  17  19   0   0   0
  0   0   0   0   0  17  17  17  17  17  17   0   0   0   0   0

  0   0   0   0   0  17  17  17  17  17  17   0   0   0   0   0
  0   0   0  20  17  17  17  17  17  17  17  17  17   0   0   0
  0   0  17  17  17  17  17  17  17  17  17  17  17  17   0   0
  0  17  17  17  17  17  17  17  17  17  17  17  17  17  19   0
  0  17  17  17  17  17  17  17  17  17 255  17  17  17  17   0
 29  17  17  17  17  17  17  17  17  17  17  17  17  17  17  17
 17  17  17  17  17  17  41  18  17  18  17  17  17  17  17  17
 17  17  17  17  17  17  20 167  17  17  17  17  17  17  17  17
 17  17  17  17  17  17 253  17  17  17  17  17  17  17  17  17
 17  17  17  17  17  17 253 254  17 250  17  17  17  17  17  17
 19  17  17  17  17  17  17  17  17  17  17  17  17  17  17  17
  0  17  17  17  17  17  17  17  17 253  17  17  17  17  17   0
  0  17  17  17  17  17  17  17  17  17  17  17  17  17  17   0
  0   0  17  17  17  17  17  17  17  17  17  17  17  17   0   0
  0   0   0  17  17  17  17  17  17  17  17  17  17   0   0   0
  0   0   0   0   0  17  17  17  17  17  20   0   0   0   0   0
  0   0   0   0   0  17  17  17  17  17  17   0   0   0   0   0
  0   0   0  20  17  17  17  17  17  17  17  17  17   0   0   0
  0   0  17  17  17  17  17  17  17  17  17  17  17  17   0   0
  0  17  17  17  17  17  17  17  17  17  17  17  17  17  19   0
  0  17  17  17  17  17  17  17  17  17 255  17  17  17  17   0
 29  17  17  17  17  17  17  17  17  17  17  17  17  17  17  17
 17  17  17  17  17  17  41  18  17  18  17  17  17  17  17  17
 17  17  17  17  17  17  20 168  17  17  17  17  17  17  17  17
 17  17  17  17  17  17 253  17  17  17  17  17  17  17  17  17
 17  17  17  17  17  17 253 254  17 250  17  17  17  17  17  17
 19  17  17  17  17  17  17  17  17  17  17  17  17  17  17  17
  0  17  17  17  17  17  17  17  17 253  17  17  17  17  17   0
  0  17  17  17  17  17  17  17  17  17  17  17  17  17  17   0
  0   0  17  17  17  17  17  17  17  17  17  17  17  17   0   0
  0   0   0  17  17  17  17  17  17  17  17  17  17   0   0   0
  0   0   0   0   0  17  17  17  17  17  20   0   0   0   0   0
  0   0   0   0   0  17  17  17  17  17  17   0   0   0   0   0
  0   0   0  20  17  17  17  17  17  17  17  17  17   0   0   0
  0   0  17  17  17  17  17  17  17  17  17  17  17  17   0   0
  0  17  17  17  17  17  17  17  17  17  17  17  17  17  19   0
  0  17  17  17  17  17  17  17  17  17 255  17  17  17  17   0
 29  17  17  17  17  17  17  17  17  17  17  17  17  17  17  17
 17  17  17  17  17  17  41  18  17  18  17  17  17  17  17  17
 17  17  17  17  17  17  20 166  17  17  17  17  17  17  17  17
 17  17  17  17  17  17 252  17  17  17  17  17  17  17  17  17
 17  17  17  17  17  17 253 254  17 250  17  17  17  17  17  17
 19  17  17  17  17  17  17  17  17  17  17  17  17  17  17  17
  0  17  17  17  17  17  17  17  17 253  17  17  17  17  17   0
  0  17  17  17  17  17  17  17  17  17  17  17  17  17  17   0
  0   0  17  17  17  17  17  17  17  17  17  17  17  17   0   0
  0   0   0  17  17  17  17  17  17  17  17  17  17   0   0   0
  0   0   0   0   0  17  17  17  17  17  20   0   0   0   0   0
