255 255 255 255 255 255 255 255 255 255 255 255 255 255 255 255
255 255 255 255 255   1 129 255 255  66   0 255 255 255 255 255
255 255 255 255   1 255 255   6  70 255 255   1 255 255 255 255
255 255 255   1 255 255  27 255 255 255 255 255   1 255 255 255
255 255 177 255 255   1   0 220 214   0   1 255 255 255 255 255
255 255   1 130 239 255 255 255 255 255 255  83 255   1 255 255
255 255  85   0 255   1 134 255 255   0   1 255   1   1 255 255
255 255   0   1 251 255 184 255 255 255 255 254   1   1 255 255
255 255   1   1 255 255  24 255 255   1 255 255   1   1 255 255
255  75 255   0 255 255   1   8   0   1 255 255 222 255 255 255
255 255 255   1   0 255 255 255 255 101 255 245   0 254 255 255
255 255   1   1   0   1   0 255 255   1   1  52   1   1 255 255
255 255 255   0 255   1   1   1   1   1   1 255  87 255 255 255
255 255 255 255   1 255 255 255 255 255 255   1 255 255 255 255
255 255 255 255 255 255   1 254 244   1 255 255 255 255 255 255
255 255 255 255 255 255 255 255 255 255 255 255 255 255 255 255
255 255 255 255 255 255 255 255 255 255 255 255 255 255 255 255
255 255 255 255 255   1 129 255 255  66   0 255 255 255 255 255
255 255 255 255   1 255 255   6  70 255 255   1 255 255 255 255
255 255 255   1 255 255  27 255 255 255 255 255   1 255 255 255
255 255 177 255 255   1   0 220 214   0   1 255 255 255 255 255
255 255   1 130 239 255 255 255 255 255 255  83 255   1 255 255
255 255  85   0 255   1 134 255 255   0   1 255   1   1 255 255
255 255   0   1 251 255 184 255 255 255 255 254   1   1 255 255
255 255   1   1 255 255  24 255 255   1 255 255   1   1 255 255
255  75 255   0 255 255   1   8   0   1 255 255 222 255 255 255
255 255 255   1   0 255 255 255 255 101 255 245   0 254 255 255
255 255   1   1   0   1   0 255 255   1   1  52   1   1 255 255
255 255 255   0 255   1   1   1   1   1   1 255  87 255 255 255
255 255 255 255   1 255 255 255 255 255 255   1 255 255 255 255
255 255 255 255 255 255   1 254 244   1 255 255 255 255 255 255
255 255 255 255 255 255 255 255 255 255 255 255 255 255 255 255
255 255 255 255 255 255 255 255 255 255 255 255 255 255 255 255
255 255 255 255 255   1 129 255 255  66   0 255 255 255 255 255
255 255 255 255   1 255 255   6  70 255 255   1 255 255 255 255
255 255 255   1 255 255  27 255 255 255 255 255   1 255 255 255
255 255 177 255 255   1   0 220 214   0   1 255 255 255 255 255
255 255   1 130 239 255 255 255 255 255 255  83 255   1 255 255
255 255  85   0 255   1 134 255 255   0   1 255   1   1 255 255
255 255   0   1 251 255 184 255 255 255 255 254   1   1 255 255
255 255   1   1 255 255  24 255 255   1 255 255   1   1 255 255
255  75 255   0 255 255   1   8   0   1 255 255 222 255 255 255
255 255 255   1   0 255 255 255 255 101 255 245   0 254 255 255
255 255   1   1   0   1   0 255 255   1   1  52   1   1 255 255
255 255 255   0 255   1   1   1   1   1   1 255  87 255 255 255
255 255 255 255   1 255 255 255 255 255 255   1 255 255 255 255
255 255 255 255 255 255   1 254 244   1 255 255 255 255 255 255
255 255 255 255 255 255 255 255 255 255 255 255 255 255 255 255

255 255 255 255 255 255 255 255 255 255 255 255 255 255 255 255
255 255 255 255 255 255 255 255 255 255 255 255 255 255 255 255
255 255 255 255 255   1   1   1   1 255 254   1 255 255 255 255
255 255 255   1 255 255   1   1   1 223   1   1  97 255 255 255
255 255   1 255 255  84 255 255 255 255 244  62 255   1 255 255
255   1 255 255   1 255   1 255 255 255 255   1   1 255 255 255
255  68 255 255   0 255   0 255   1   1 100   1   1 255   1 255
255 255  72 255 219 255 255 254 255   0 255 255   1 255 243 255
255 255   3 255 225 255 255 255 255  12 255 255   1 255 255 255
255 138 255  21   0 255 141 188  25   1 255   0   1 255   1 255
255   1 255 255   1 255   1 255 255 255 255   1   1 255 255 255
255 255   1 255 255 243 255 253 255 255   0   1 255   1 255 255
255 255 255   1 255 120   0   1   1   0   1   1   1 255 255 255
255 255 255 255 171   1  90   1   1 255 255   1 255 255 255 255
255 255 255 255 255 255 255 255 255  70 255 255 255 255 255 255
255 255 255 255 255 255 255 255 255 255 255 255 255 255 255 255
255 255 255 255 255 255 255 255 255 255 255 255 255 255 255 255
255 255 255 255 255 255 255 255 255 255 255 255 255 255 255 255
255 255 255 255 255   1   1   1   1 255 254   1 255 255 255 255
255 255 255   1 255 255   1   1   1 223   1   1  97 255 255 255
255 255   1 255 255  84 255 255 255 255 244  62 255   1 255 255
255   1 255 255   1 255   1 255 255 255 255   1   1 255 255 255
255  68 255 255   0 255   0 255   1   1 100   1   1 255   1 255
255 255  72 255 219 255 255 254 255   0 255 255   1 255 243 255
255 255   3 255 225 255 255 255 255  12 255 255   1 255 255 255
255 138 255  21   0 255 141 188  25   1 255   0   1 255   1 255
255   1 255 255   1 255   1 255 255 255 255   1   1 255 255 255
255 255   1 255 255 243 255 253 255 255   0   1 255   1 255 255
255 255 255   1 255 120   0   1   1   0   1   1   1 255 255 255
255 255 255 255 171   1  90   1   1 255 255   1 255 255 255 255
255 255 255 255 255 255 255 255 255  70 255 255 255 255 255 255
255 255 255 255 255 255 255 255 255 255 255 255 255 255 255 255
255 255 255 255 255 255 255 255 255 255 255 255 255 255 255 255
255 255 255 255 255 255 255 255 255 255 255 255 255 255 255 255
255 255 255 255 255   1   1   1   1 255 254   1 255 255 255 255
255 255 255   1 255 255   1   1   1 223   1   1  97 255 255 255
255 255   1 255 255  84 255 255 255 255 244  62 255   1 255 255
255   1 255 255   1 255   1 255 255 255 255   1   1 255 255 255
255  68 255 255   0 255   0 255   1   1 100   1   1 255   1 255
255 255  72 255 219 255 255 254 255   0 255 255   1 255 243 255
255 255   3 255 225 255 255 255 255  12 255 255   1 255 255 255
255 138 255  21   0 255 141 188  25   1 255   0   1 255   1 255
255   1 255 255   1 255   1 255 255 255 255   1   1 255 255 255
255 255   1 255 255 243 255 253 255 255   0   1 255   1 255 255
255 255 255   1 255 120   0   1   1   0   1   1   1 255 255 255
255 255 255 255 171   1  90   1   1 255 255   1 255 255 255 255
255 255 255 255 255 255 255 255 255  70 255 255 255 255 255 255
255 255 255 255 255 255 255 255 255 255 255 255 255 255 255 255

255 255 255 255 255 255 255 255 255 255 255 255 255 255 255 255
255 255 255 255 255 255   1 243 255   1 255 255 255 255 255 255
255 255 255 255   1 255 255 255 255 255 255   1 255 255 255 255
255 255 255  97 255   1   1   1   1   1   1 255   1 255 255 255
255 255   1   1  62   1   1 255 255   0   1   1   1   1 255 255
255 255 254   1 244 255 100 255 255 255 255   0   1 255 255 255
255 255 255 223 255 255   1   0  12   1 255 255   0 255  70 255
255 255   1   1 255 255   1 255 255  25 255 255   1   1 255 255
255 255   1   1 255 255 255 254 255 188 255 253   1   1 255 255
255 255   1   1 255   1   0 255 255 141   1 255   0  90 255 255
255 255   1 255  84 255 255 255 255 255 255 243 120   1 255 255
255 255 255 255 255   1   0 219 225   0   1 255 255 171 255 255
255 255 255   1 255 255 255 255 255  21 255 255   1 255 255 255
255 255 255 255   1 255 255  72   3 255 255   1 255 255 255 255
255 255 255 255 255   1  68 255 255 138   1 255 255 255 255 255
255 255 255 255 255 255 255 255 255 255 255 255 255 255 255 255
255 255 255 255 255 255 255 255 255 255 255 255 255 255 255 255
255 255 255 255 255 255   1 243 255   1 255 255 255 255 255 255
255 255 255 255   1 255 255 255 255 255 255   1 255 255 255 255
255 255 255  97 255   1   1   1   1   1   1 255   1 255 255 255
255 255   1   1  62   1   1 255 255   0   1   1   1   1 255 255
255 255 254   1 244 255 100 255 255 255 255   0   1 255 255 255
255 255 255 223 255 255   1   0  12   1 255 255   0 255  70 255
255 255   1   1 255 255   1 255 255  25 255 255   1   1 255 255
255 255   1   1 255 255 255 254 255 188 255 253   1   1 255 255
255 255   1   1 255   1   0 255 255 141   1 255   0  90 255 255
255 255   1 255  84 255 255 255 255 255 255 243 120   1 255 255
255 255 255 255 255   1   0 219 225   0   1 255 255 171 255 255
255 255 255   1 255 255 255 255 255  21 255 255   1 255 255 255
255 255 255 255   1 255 255  72   3 255 255   1 255 255 255 255
255 255 255 255 255   1  68 255 255 138   1 255 255 255 255 255
255 255 255 255 255 255 255 255 255 255 255 255 255 255 255 255
255 255 255 255 255 255 255 255 255 255 255 255 255 255 255 255
255 255 255 255 255 255   1 243 255   1 255 255 255 255 255 255
255 255 255 255   1 255 255 255 255 255 255   1 255 255 255 255
255 255 255  97 255   1   1   1   1   1   1 255   1 255 255 255
255 255   1   1  62   1   1 255 255   0   1   1   1   1 255 255
255 255 254   1 244 255 100 255 255 255 255   0   1 255 255 255
255 255 255 223 255 255   1   0  12   1 255 255   0 255  70 255
255 255   1   1 255 255   1 255 255  25 255 255   1   1 255 255
255 255   1   1 255 255 255 254 255 188 255 253   1   1 255 255
255 255   1   1 255   1   0 255 255 141   1 255   0  90 255 255
255 255   1 255  84 255 255 255 255 255 255 243 120   1 255 255
255 255 255 255 255   1   0 219 225   0   1 255 255 171 255 255
255 255 255   1 255 255 255 255 255  21 255 255   1 255 255 255
255 255 255 255   1 255 255  72   3 255 255   1 255 255 255 255
255 255 255 255 255   1  68 255 255 138   1 255 255 255 255 255
255 255 255 255 255 255 255 255 255 255 255 255 255 255 255 255

255 255 255 255 255 255 255 255 255 255 255 255 255 255 255 255
255 255 255 255 255 255  70 255 255 255 255 255 255 255 255 255
255 255 255 255   1 255 255   1   1  90   1 171 255 255 255 255
255 255 255   1   1   1   0   1   1   0 120 255   1 255 255 255
255 255   1 255   1   0 255 255 253 255 243 255 255   1 255 255
255 255 255   1   1 255 255 255 255   1 255   1 255 255   1 255
255   1 255   1   0 255   1  25 188 141 255   0  21 255 138 255
255 255 255   1 255 255  12 255 255 255 255 225 255   3 255 255
255 243 255   1 255 255   0 255 254 255 255 219 255  72 255 255
255   1 255   1   1 100   1   1 255   0 255   0 255 255  68 255
255 255 255   1   1 255 255 255 255   1 255   1 255 255   1 255
255 255   1 255  62 244 255 255 255 255  84 255 255   1 255 255
255 255 255  97   1   1 223   1   1   1 255 255   1 255 255 255
255 255 255 255   1 254 255   1   1   1   1 255 255 255 255 255
255 255 255 255 255 255 255 255 255 255 255 255 255 255 255 255
255 255 255 255 255 255 255 255 255 255 255 255 255 255 255 255
255 255 255 255 255 255 255 255 255 255 255 255 255 255 255 255
255 255 255 255 255 255  70 255 255 255 255 255 255 255 255 255
255 255 255 255   1 255 255   1   1  90   1 171 255 255 255 255
255 255 255   1   1   1   0   1   1   0 120 255   1 255 255 255
255 255   1 255   1   0 255 255 253 255 243 255 255   1 255 255
255 255 255   1   1 255 255 255 255   1 255   1 255 255   1 255
255   1 255   1   0 255   1  25 188 141 255   0  21 255 138 255
255 255 255   1 255 255  12 255 255 255 255 225 255   3 255 255
255 243 255   1 255 255   0 255 254 255 255 219 255  72 255 255
255   1 255   1   1 100   1   1 255   0 255   0 255 255  68 255
255 255 255   1   1 255 255 255 255   1 255   1 255 255   1 255
255 255   1 255  62 244 255 255 255 255  84 255 255   1 255 255
255 255 255  97   1   1 223   1   1   1 255 255   1 255 255 255
255 255 255 255   1 254 255   1   1   1   1 255 255 255 255 255
255 255 255 255 255 255 255 255 255 255 255 255 255 255 255 255
255 255 255 255 255 255 255 255 255 255 255 255 255 255 255 255
255 255 255 255 255 255 255 255 255 255 255 255 255 255 255 255
255 255 255 255 255 255  70 255 255 255 255 255 255 255 255 255
255 255 255 255   1 255 255   1   1  90   1 171 255 255 255 255
255 255 255   1   1   1   0   1   1   0 120 255   1 255 255 255
255 255   1 255   1   0 255 255 253 255 243 255 255   1 255 255
255 255 255   1   1 255 255 255 255   1 255   1 255 255   1 255
255   1 255   1   0 255   1  25 188 141 255   0  21 255 138 255
255 255 255   1 255 255  12 255 255 255 255 225 255   3 255 255
255 243 255   1 255 255   0 255 254 255 255 219 255  72 255 255
255   1 255   1   1 100   1   1 255   0 255   0 255 255  68 255
255 255 255   1   1 255 255 255 255   1 255   1 255 255   1 255
255 255   1 255  62 244 255 255 255 255  84 255 255   1 255 255
255 255 255  97   1   1 223   1   1   1 255 255   1 255 255 255
255 255 255 255   1 254 255   1   1   1   1 255 255 255 255 255
255 255 255 255 255 255 255 255 255 255 255 255 255 255 255 255
255 255 255 255 255 255 255 255 255 255 255 255 255 255 255 255
